{
 "cells": [
  {
   "cell_type": "markdown",
   "id": "19609b9d-af41-4d3d-ab3e-c7af88f1e17d",
   "metadata": {},
   "source": [
    "# Sex Differences in Functional Gradients in HCP S1200\n",
    "# WITH SOFIE's MATRICES"
   ]
  },
  {
   "cell_type": "markdown",
   "id": "1a5b1111-b494-4847-a820-50957a692723",
   "metadata": {},
   "source": [
    "## Load packages"
   ]
  },
  {
   "cell_type": "code",
   "execution_count": 1,
   "id": "ea7f43ff-a7ce-4153-9840-ce4ac255c48b",
   "metadata": {},
   "outputs": [],
   "source": [
    "# General\n",
    "import os\n",
    "import sys\n",
    "import numpy as np\n",
    "import pandas as pd\n",
    "\n",
    "# Computing\n",
    "import scipy.io  # loadmat\n",
    "import sklearn \n",
    "\n",
    "# Visualisation\n",
    "import matplotlib.pyplot as plt  # may need matplotlib generally?\n",
    "import seaborn as sns\n",
    "import vtk\n",
    "\n",
    "# Neuroimaging\n",
    "import nibabel\n",
    "import nilearn\n",
    "\n",
    "# Gradients\n",
    "import brainspace\n",
    "from brainspace.datasets import load_parcellation, load_conte69\n",
    "from brainspace.plotting import plot_hemispheres\n",
    "from brainspace.gradient import GradientMaps\n",
    "from brainspace.utils.parcellation import map_to_labels"
   ]
  },
  {
   "cell_type": "markdown",
   "id": "7802e20e-ef5f-4d7c-bfca-3a3f3e182944",
   "metadata": {},
   "source": [
    "## Define directories"
   ]
  },
  {
   "cell_type": "raw",
   "id": "48b98127-be82-4d27-b718-ca43fdeb255d",
   "metadata": {},
   "source": [
    "# taken from Bin's code asymmetries\n",
    "\n",
    "codedir = os.path.dirname(os.path.abspath(__file__))\n",
    "\n",
    "datadir = os.path.join(os.path.dirname(codedir), \n",
    "                       'data/data_results/FC/')\n",
    "\n",
    "graddir = os.path.join(sex_differences_fc_gradientsos.path.dirname(codedir), \n",
    "                       'data/data_results/gradient/')"
   ]
  },
  {
   "cell_type": "markdown",
   "id": "68f2e6e6-32b0-47de-a7eb-32089eab21c7",
   "metadata": {},
   "source": [
    "# !!! FIND A WAY TO AUTOMATISE FINDING DATA AND RESULTS DIR (would have to go 1 back from code dir) !!!\n",
    "\n",
    "when done can replace in load and clean data (scipy.io.whosmat) the name of the directory"
   ]
  },
  {
   "cell_type": "code",
   "execution_count": 2,
   "id": "4b5d100c-6990-4cbf-9880-7e349d3d9efd",
   "metadata": {},
   "outputs": [],
   "source": [
    "codedir = os.path.abspath('')  # obtain current direction from which script is runnning\n",
    "\n",
    "datadir = '/data/p_02667/sex_diff_gradients/data'\n",
    "\n",
    "resdir = '/data/p_02667/sex_diff_gradients/results'"
   ]
  },
  {
   "cell_type": "markdown",
   "id": "aea27a8c-7220-4061-9f1c-ee92b3b5ffc1",
   "metadata": {},
   "source": [
    "## Load and clean data"
   ]
  },
  {
   "cell_type": "markdown",
   "id": "ccc100d2-9687-463c-9045-668ff64bb226",
   "metadata": {},
   "source": [
    "Functional connectivity matrix (parcellation scheme: Schaefer 400, 7 networks)"
   ]
  },
  {
   "cell_type": "code",
   "execution_count": 3,
   "id": "d50b6062-3205-473c-bdd9-89ed78833a2c",
   "metadata": {},
   "outputs": [
    {
     "data": {
      "text/plain": [
       "[('matrix_hcp400z', (1206, 400, 400), 'double')]"
      ]
     },
     "execution_count": 3,
     "metadata": {},
     "output_type": "execute_result"
    }
   ],
   "source": [
    "scipy.io.whosmat('/data/p_02667/sex_diff_gradients/sofie/fc400.mat')"
   ]
  },
  {
   "cell_type": "code",
   "execution_count": 4,
   "id": "9b83e365-75ee-4bcf-9cfa-753d8a81508b",
   "metadata": {},
   "outputs": [],
   "source": [
    "# only taking the matrices from the mat file\n",
    "fc_matrices_400 = scipy.io.loadmat('/data/p_02667/sex_diff_gradients/sofie/fc400.mat')['matrix_hcp400z']"
   ]
  },
  {
   "cell_type": "code",
   "execution_count": 5,
   "id": "e74d6c67-12dc-4323-abb6-0b837d69fddf",
   "metadata": {},
   "outputs": [
    {
     "name": "stdout",
     "output_type": "stream",
     "text": [
      "Full sample: N = 1206\n"
     ]
    }
   ],
   "source": [
    "print(f'Full sample: N = {len(fc_matrices_400)}')"
   ]
  },
  {
   "cell_type": "code",
   "execution_count": 6,
   "id": "573bc82b-4945-41a9-a8ef-d0d3417fbfbc",
   "metadata": {},
   "outputs": [
    {
     "name": "stdout",
     "output_type": "stream",
     "text": [
      "After removing missing data: N = 1000\n"
     ]
    }
   ],
   "source": [
    "# Removing the missing data (matrices whose second value == 0)\n",
    "cleaned_fc_matrices_400 = [i for i in fc_matrices_400 if i[0][1] != 0]\n",
    "\n",
    "print(f'After removing missing data: N = {len(cleaned_fc_matrices_400)}')"
   ]
  },
  {
   "cell_type": "code",
   "execution_count": 7,
   "id": "d1c40296-89a2-428e-845d-d5a7ac44becf",
   "metadata": {
    "scrolled": true,
    "tags": []
   },
   "outputs": [
    {
     "data": {
      "text/plain": [
       "[array([[0.        , 0.24719344, 0.2991484 , ..., 0.06719874, 0.13000692,\n",
       "         0.17263717],\n",
       "        [0.24719344, 0.        , 0.13958823, ..., 0.00889487, 0.09777086,\n",
       "         0.20868931],\n",
       "        [0.2991484 , 0.13958823, 0.        , ..., 0.14112203, 0.0699541 ,\n",
       "         0.18501342],\n",
       "        ...,\n",
       "        [0.06719874, 0.00889487, 0.14112203, ..., 0.        , 0.21148293,\n",
       "         0.1793739 ],\n",
       "        [0.13000692, 0.09777086, 0.0699541 , ..., 0.21148293, 0.        ,\n",
       "         0.27764522],\n",
       "        [0.17263717, 0.20868931, 0.18501342, ..., 0.1793739 , 0.27764522,\n",
       "         0.        ]]),\n",
       " array([[0.        , 0.2962321 , 0.28399392, ..., 0.01619926, 0.05659816,\n",
       "         0.11153292],\n",
       "        [0.2962321 , 0.        , 0.12443766, ..., 0.01762537, 0.12167492,\n",
       "         0.20306661],\n",
       "        [0.28399392, 0.12443766, 0.        , ..., 0.00053466, 0.03785161,\n",
       "         0.06894609],\n",
       "        ...,\n",
       "        [0.01619926, 0.01762537, 0.00053466, ..., 0.        , 0.2483819 ,\n",
       "         0.15423508],\n",
       "        [0.05659816, 0.12167492, 0.03785161, ..., 0.2483819 , 0.        ,\n",
       "         0.39268443],\n",
       "        [0.11153292, 0.20306661, 0.06894609, ..., 0.15423508, 0.39268443,\n",
       "         0.        ]]),\n",
       " array([[0.        , 0.3484308 , 0.67698865, ..., 0.13384368, 0.2122909 ,\n",
       "         0.2910596 ],\n",
       "        [0.3484308 , 0.        , 0.31904385, ..., 0.1437583 , 0.21953741,\n",
       "         0.32138758],\n",
       "        [0.67698865, 0.31904385, 0.        , ..., 0.13436834, 0.24881038,\n",
       "         0.33246924],\n",
       "        ...,\n",
       "        [0.13384368, 0.1437583 , 0.13436834, ..., 0.        , 0.25331011,\n",
       "         0.26888493],\n",
       "        [0.2122909 , 0.21953741, 0.24881038, ..., 0.25331011, 0.        ,\n",
       "         0.41387379],\n",
       "        [0.2910596 , 0.32138758, 0.33246924, ..., 0.26888493, 0.41387379,\n",
       "         0.        ]]),\n",
       " array([[ 0.        ,  0.28906881,  0.41590426, ...,  0.05292496,\n",
       "          0.02836643,  0.20161604],\n",
       "        [ 0.28906881,  0.        ,  0.26320385, ...,  0.09358436,\n",
       "          0.07998232,  0.19991988],\n",
       "        [ 0.41590426,  0.26320385,  0.        , ...,  0.05258842,\n",
       "         -0.00335103,  0.26294201],\n",
       "        ...,\n",
       "        [ 0.05292496,  0.09358436,  0.05258842, ...,  0.        ,\n",
       "          0.32133121,  0.17200493],\n",
       "        [ 0.02836643,  0.07998232, -0.00335103, ...,  0.32133121,\n",
       "          0.        ,  0.20912112],\n",
       "        [ 0.20161604,  0.19991988,  0.26294201, ...,  0.17200493,\n",
       "          0.20912112,  0.        ]]),\n",
       " array([[ 0.        ,  0.19833229,  0.28876657, ..., -0.01400784,\n",
       "          0.05635665,  0.02511045],\n",
       "        [ 0.19833229,  0.        ,  0.07470064, ..., -0.01895037,\n",
       "          0.14570154,  0.18724381],\n",
       "        [ 0.28876657,  0.07470064,  0.        , ..., -0.03405325,\n",
       "          0.03770276,  0.09047666],\n",
       "        ...,\n",
       "        [-0.01400784, -0.01895037, -0.03405325, ...,  0.        ,\n",
       "          0.11258632,  0.12772597],\n",
       "        [ 0.05635665,  0.14570154,  0.03770276, ...,  0.11258632,\n",
       "          0.        ,  0.29657524],\n",
       "        [ 0.02511045,  0.18724381,  0.09047666, ...,  0.12772597,\n",
       "          0.29657524,  0.        ]]),\n",
       " array([[0.        , 0.47486668, 0.62729251, ..., 0.15191008, 0.27133189,\n",
       "         0.37880099],\n",
       "        [0.47486668, 0.        , 0.57046039, ..., 0.18632993, 0.32806175,\n",
       "         0.53359492],\n",
       "        [0.62729251, 0.57046039, 0.        , ..., 0.19503478, 0.32101775,\n",
       "         0.50172569],\n",
       "        ...,\n",
       "        [0.15191008, 0.18632993, 0.19503478, ..., 0.        , 0.43322546,\n",
       "         0.27588335],\n",
       "        [0.27133189, 0.32806175, 0.32101775, ..., 0.43322546, 0.        ,\n",
       "         0.55449361],\n",
       "        [0.37880099, 0.53359492, 0.50172569, ..., 0.27588335, 0.55449361,\n",
       "         0.        ]]),\n",
       " array([[0.        , 0.12842464, 0.28678548, ..., 0.00592604, 0.03836012,\n",
       "         0.08710129],\n",
       "        [0.12842464, 0.        , 0.07425068, ..., 0.00041745, 0.04015779,\n",
       "         0.12824404],\n",
       "        [0.28678548, 0.07425068, 0.        , ..., 0.05619798, 0.13432413,\n",
       "         0.11545093],\n",
       "        ...,\n",
       "        [0.00592604, 0.00041745, 0.05619798, ..., 0.        , 0.10892129,\n",
       "         0.10096502],\n",
       "        [0.03836012, 0.04015779, 0.13432413, ..., 0.10892129, 0.        ,\n",
       "         0.35588628],\n",
       "        [0.08710129, 0.12824404, 0.11545093, ..., 0.10096502, 0.35588628,\n",
       "         0.        ]]),\n",
       " array([[0.        , 0.24107005, 0.48525559, ..., 0.00424896, 0.12876095,\n",
       "         0.31392203],\n",
       "        [0.24107005, 0.        , 0.16498665, ..., 0.00628101, 0.1379841 ,\n",
       "         0.23963679],\n",
       "        [0.48525559, 0.16498665, 0.        , ..., 0.08927374, 0.16615039,\n",
       "         0.31855735],\n",
       "        ...,\n",
       "        [0.00424896, 0.00628101, 0.08927374, ..., 0.        , 0.220369  ,\n",
       "         0.12209691],\n",
       "        [0.12876095, 0.1379841 , 0.16615039, ..., 0.220369  , 0.        ,\n",
       "         0.36567947],\n",
       "        [0.31392203, 0.23963679, 0.31855735, ..., 0.12209691, 0.36567947,\n",
       "         0.        ]]),\n",
       " array([[0.        , 0.33763297, 0.66697752, ..., 0.19783703, 0.25565807,\n",
       "         0.343347  ],\n",
       "        [0.33763297, 0.        , 0.37801677, ..., 0.1417813 , 0.19568906,\n",
       "         0.28081889],\n",
       "        [0.66697752, 0.37801677, 0.        , ..., 0.22560805, 0.27609576,\n",
       "         0.41692895],\n",
       "        ...,\n",
       "        [0.19783703, 0.1417813 , 0.22560805, ..., 0.        , 0.37168252,\n",
       "         0.27078604],\n",
       "        [0.25565807, 0.19568906, 0.27609576, ..., 0.37168252, 0.        ,\n",
       "         0.39859005],\n",
       "        [0.343347  , 0.28081889, 0.41692895, ..., 0.27078604, 0.39859005,\n",
       "         0.        ]]),\n",
       " array([[ 0.        ,  0.28123592,  0.44634079, ...,  0.04598296,\n",
       "          0.02071324,  0.29577675],\n",
       "        [ 0.28123592,  0.        ,  0.27623444, ..., -0.0046586 ,\n",
       "         -0.02400485,  0.34941551],\n",
       "        [ 0.44634079,  0.27623444,  0.        , ...,  0.08775505,\n",
       "          0.00209513,  0.35433608],\n",
       "        ...,\n",
       "        [ 0.04598296, -0.0046586 ,  0.08775505, ...,  0.        ,\n",
       "          0.50039847,  0.21592035],\n",
       "        [ 0.02071324, -0.02400485,  0.00209513, ...,  0.50039847,\n",
       "          0.        ,  0.26042488],\n",
       "        [ 0.29577675,  0.34941551,  0.35433608, ...,  0.21592035,\n",
       "          0.26042488,  0.        ]]),\n",
       " array([[ 0.        ,  0.33409495,  0.48198794, ..., -0.00520412,\n",
       "          0.15501971,  0.23481195],\n",
       "        [ 0.33409495,  0.        ,  0.40404114, ...,  0.04633353,\n",
       "          0.26178331,  0.35169554],\n",
       "        [ 0.48198794,  0.40404114,  0.        , ...,  0.02498268,\n",
       "          0.25491406,  0.37161067],\n",
       "        ...,\n",
       "        [-0.00520412,  0.04633353,  0.02498268, ...,  0.        ,\n",
       "          0.2035313 ,  0.10833429],\n",
       "        [ 0.15501971,  0.26178331,  0.25491406, ...,  0.2035313 ,\n",
       "          0.        ,  0.4608739 ],\n",
       "        [ 0.23481195,  0.35169554,  0.37161067, ...,  0.10833429,\n",
       "          0.4608739 ,  0.        ]]),\n",
       " array([[0.        , 0.19837641, 0.28218273, ..., 0.0676547 , 0.07575304,\n",
       "         0.10482811],\n",
       "        [0.19837641, 0.        , 0.16152024, ..., 0.05418748, 0.03129357,\n",
       "         0.0906466 ],\n",
       "        [0.28218273, 0.16152024, 0.        , ..., 0.13891145, 0.14253436,\n",
       "         0.20450762],\n",
       "        ...,\n",
       "        [0.0676547 , 0.05418748, 0.13891145, ..., 0.        , 0.24961571,\n",
       "         0.09820224],\n",
       "        [0.07575304, 0.03129357, 0.14253436, ..., 0.24961571, 0.        ,\n",
       "         0.18494502],\n",
       "        [0.10482811, 0.0906466 , 0.20450762, ..., 0.09820224, 0.18494502,\n",
       "         0.        ]]),\n",
       " array([[ 0.        ,  0.10622526,  0.09031681, ..., -0.0804071 ,\n",
       "         -0.03107303,  0.03901581],\n",
       "        [ 0.10622526,  0.        , -0.04194273, ..., -0.08366536,\n",
       "          0.0373304 ,  0.23549585],\n",
       "        [ 0.09031681, -0.04194273,  0.        , ...,  0.01640736,\n",
       "         -0.02245073, -0.04222802],\n",
       "        ...,\n",
       "        [-0.0804071 , -0.08366536,  0.01640736, ...,  0.        ,\n",
       "          0.34160025,  0.14622183],\n",
       "        [-0.03107303,  0.0373304 , -0.02245073, ...,  0.34160025,\n",
       "          0.        ,  0.42844203],\n",
       "        [ 0.03901581,  0.23549585, -0.04222802, ...,  0.14622183,\n",
       "          0.42844203,  0.        ]]),\n",
       " array([[0.        , 0.09149836, 0.27657359, ..., 0.02030335, 0.01549988,\n",
       "         0.06216923],\n",
       "        [0.09149836, 0.        , 0.00893204, ..., 0.00381636, 0.00869868,\n",
       "         0.11345201],\n",
       "        [0.27657359, 0.00893204, 0.        , ..., 0.09909078, 0.07509656,\n",
       "         0.1193084 ],\n",
       "        ...,\n",
       "        [0.02030335, 0.00381636, 0.09909078, ..., 0.        , 0.31010214,\n",
       "         0.22821989],\n",
       "        [0.01549988, 0.00869868, 0.07509656, ..., 0.31010214, 0.        ,\n",
       "         0.24715001],\n",
       "        [0.06216923, 0.11345201, 0.1193084 , ..., 0.22821989, 0.24715001,\n",
       "         0.        ]]),\n",
       " array([[ 0.        ,  0.18793124,  0.28559137, ...,  0.02277518,\n",
       "          0.00738198,  0.11129407],\n",
       "        [ 0.18793124,  0.        ,  0.19529769, ...,  0.05284514,\n",
       "         -0.0017386 ,  0.18443642],\n",
       "        [ 0.28559137,  0.19529769,  0.        , ...,  0.10357794,\n",
       "          0.08538014,  0.25269201],\n",
       "        ...,\n",
       "        [ 0.02277518,  0.05284514,  0.10357794, ...,  0.        ,\n",
       "          0.23582213,  0.18389242],\n",
       "        [ 0.00738198, -0.0017386 ,  0.08538014, ...,  0.23582213,\n",
       "          0.        ,  0.25213932],\n",
       "        [ 0.11129407,  0.18443642,  0.25269201, ...,  0.18389242,\n",
       "          0.25213932,  0.        ]]),\n",
       " array([[0.        , 0.35974201, 0.62357667, ..., 0.11683839, 0.24231154,\n",
       "         0.31077015],\n",
       "        [0.35974201, 0.        , 0.33959021, ..., 0.05688893, 0.17586706,\n",
       "         0.28736297],\n",
       "        [0.62357667, 0.33959021, 0.        , ..., 0.13619688, 0.24914671,\n",
       "         0.34094595],\n",
       "        ...,\n",
       "        [0.11683839, 0.05688893, 0.13619688, ..., 0.        , 0.28165293,\n",
       "         0.25154855],\n",
       "        [0.24231154, 0.17586706, 0.24914671, ..., 0.28165293, 0.        ,\n",
       "         0.49861406],\n",
       "        [0.31077015, 0.28736297, 0.34094595, ..., 0.25154855, 0.49861406,\n",
       "         0.        ]]),\n",
       " array([[ 0.        ,  0.11788173,  0.22547749, ...,  0.02095811,\n",
       "          0.02884909,  0.07817759],\n",
       "        [ 0.11788173,  0.        ,  0.05575899, ..., -0.03009431,\n",
       "          0.00919466,  0.07569087],\n",
       "        [ 0.22547749,  0.05575899,  0.        , ...,  0.09726451,\n",
       "          0.06804299,  0.14992387],\n",
       "        ...,\n",
       "        [ 0.02095811, -0.03009431,  0.09726451, ...,  0.        ,\n",
       "          0.1833121 ,  0.09448816],\n",
       "        [ 0.02884909,  0.00919466,  0.06804299, ...,  0.1833121 ,\n",
       "          0.        ,  0.14350118],\n",
       "        [ 0.07817759,  0.07569087,  0.14992387, ...,  0.09448816,\n",
       "          0.14350118,  0.        ]]),\n",
       " array([[0.        , 0.1622344 , 0.29520105, ..., 0.07987464, 0.07092778,\n",
       "         0.18652116],\n",
       "        [0.1622344 , 0.        , 0.14129527, ..., 0.08859082, 0.0644936 ,\n",
       "         0.16876047],\n",
       "        [0.29520105, 0.14129527, 0.        , ..., 0.10391506, 0.03067544,\n",
       "         0.16987545],\n",
       "        ...,\n",
       "        [0.07987464, 0.08859082, 0.10391506, ..., 0.        , 0.28642322,\n",
       "         0.25101842],\n",
       "        [0.07092778, 0.0644936 , 0.03067544, ..., 0.28642322, 0.        ,\n",
       "         0.4209062 ],\n",
       "        [0.18652116, 0.16876047, 0.16987545, ..., 0.25101842, 0.4209062 ,\n",
       "         0.        ]]),\n",
       " array([[ 0.        ,  0.2163419 ,  0.28305732, ...,  0.03913335,\n",
       "         -0.00694219,  0.0489914 ],\n",
       "        [ 0.2163419 ,  0.        ,  0.05018626, ...,  0.02349782,\n",
       "         -0.00291652,  0.07991273],\n",
       "        [ 0.28305732,  0.05018626,  0.        , ...,  0.0784239 ,\n",
       "          0.0391186 ,  0.09088047],\n",
       "        ...,\n",
       "        [ 0.03913335,  0.02349782,  0.0784239 , ...,  0.        ,\n",
       "          0.27277891,  0.1849514 ],\n",
       "        [-0.00694219, -0.00291652,  0.0391186 , ...,  0.27277891,\n",
       "          0.        ,  0.49760257],\n",
       "        [ 0.0489914 ,  0.07991273,  0.09088047, ...,  0.1849514 ,\n",
       "          0.49760257,  0.        ]]),\n",
       " array([[0.        , 0.33609386, 0.54648912, ..., 0.02647561, 0.07191129,\n",
       "         0.16550252],\n",
       "        [0.33609386, 0.        , 0.30389957, ..., 0.05470889, 0.1355686 ,\n",
       "         0.27664288],\n",
       "        [0.54648912, 0.30389957, 0.        , ..., 0.03988505, 0.13709301,\n",
       "         0.24504682],\n",
       "        ...,\n",
       "        [0.02647561, 0.05470889, 0.03988505, ..., 0.        , 0.37085064,\n",
       "         0.13837972],\n",
       "        [0.07191129, 0.1355686 , 0.13709301, ..., 0.37085064, 0.        ,\n",
       "         0.36809992],\n",
       "        [0.16550252, 0.27664288, 0.24504682, ..., 0.13837972, 0.36809992,\n",
       "         0.        ]]),\n",
       " array([[0.        , 0.27060722, 0.4627265 , ..., 0.03751198, 0.08123143,\n",
       "         0.20122465],\n",
       "        [0.27060722, 0.        , 0.22890903, ..., 0.07804466, 0.15440381,\n",
       "         0.24072193],\n",
       "        [0.4627265 , 0.22890903, 0.        , ..., 0.04446676, 0.06883602,\n",
       "         0.21288669],\n",
       "        ...,\n",
       "        [0.03751198, 0.07804466, 0.04446676, ..., 0.        , 0.3095987 ,\n",
       "         0.17090858],\n",
       "        [0.08123143, 0.15440381, 0.06883602, ..., 0.3095987 , 0.        ,\n",
       "         0.3596781 ],\n",
       "        [0.20122465, 0.24072193, 0.21288669, ..., 0.17090858, 0.3596781 ,\n",
       "         0.        ]]),\n",
       " array([[ 0.        ,  0.15478414,  0.31878608, ...,  0.01776672,\n",
       "          0.01423003,  0.10934877],\n",
       "        [ 0.15478414,  0.        ,  0.03238662, ..., -0.05595713,\n",
       "          0.01493749,  0.05811931],\n",
       "        [ 0.31878608,  0.03238662,  0.        , ...,  0.02112003,\n",
       "          0.00198733,  0.15644369],\n",
       "        ...,\n",
       "        [ 0.01776672, -0.05595713,  0.02112003, ...,  0.        ,\n",
       "          0.22033574,  0.10406943],\n",
       "        [ 0.01423003,  0.01493749,  0.00198733, ...,  0.22033574,\n",
       "          0.        ,  0.16867606],\n",
       "        [ 0.10934877,  0.05811931,  0.15644369, ...,  0.10406943,\n",
       "          0.16867606,  0.        ]]),\n",
       " array([[ 0.        ,  0.23821119,  0.42029544, ..., -0.00697793,\n",
       "         -0.02692944,  0.14287138],\n",
       "        [ 0.23821119,  0.        ,  0.22864013, ..., -0.033501  ,\n",
       "         -0.00537841,  0.12074182],\n",
       "        [ 0.42029544,  0.22864013,  0.        , ..., -0.0416071 ,\n",
       "         -0.05621374,  0.27661661],\n",
       "        ...,\n",
       "        [-0.00697793, -0.033501  , -0.0416071 , ...,  0.        ,\n",
       "          0.32724224,  0.05221244],\n",
       "        [-0.02692944, -0.00537841, -0.05621374, ...,  0.32724224,\n",
       "          0.        ,  0.19697657],\n",
       "        [ 0.14287138,  0.12074182,  0.27661661, ...,  0.05221244,\n",
       "          0.19697657,  0.        ]]),\n",
       " array([[ 0.        ,  0.16898979,  0.35242952, ..., -0.00941613,\n",
       "          0.0195434 ,  0.08067597],\n",
       "        [ 0.16898979,  0.        ,  0.10033236, ...,  0.0166818 ,\n",
       "          0.13775261,  0.15317294],\n",
       "        [ 0.35242952,  0.10033236,  0.        , ...,  0.06073141,\n",
       "          0.04809117,  0.22575518],\n",
       "        ...,\n",
       "        [-0.00941613,  0.0166818 ,  0.06073141, ...,  0.        ,\n",
       "          0.1381136 ,  0.19170479],\n",
       "        [ 0.0195434 ,  0.13775261,  0.04809117, ...,  0.1381136 ,\n",
       "          0.        ,  0.36251871],\n",
       "        [ 0.08067597,  0.15317294,  0.22575518, ...,  0.19170479,\n",
       "          0.36251871,  0.        ]]),\n",
       " array([[ 0.00000000e+00,  1.27669941e-01,  3.68312147e-01, ...,\n",
       "         -2.48066921e-02, -1.14372346e-02,  8.83084834e-02],\n",
       "        [ 1.27669941e-01,  0.00000000e+00,  1.01521239e-01, ...,\n",
       "          1.12613592e-02,  2.88339149e-02,  9.44655958e-02],\n",
       "        [ 3.68312147e-01,  1.01521239e-01,  0.00000000e+00, ...,\n",
       "          1.81383902e-04, -7.47745278e-03,  1.47835065e-01],\n",
       "        ...,\n",
       "        [-2.48066921e-02,  1.12613592e-02,  1.81383902e-04, ...,\n",
       "          0.00000000e+00,  5.02647325e-01,  2.39698353e-01],\n",
       "        [-1.14372346e-02,  2.88339149e-02, -7.47745278e-03, ...,\n",
       "          5.02647325e-01,  0.00000000e+00,  4.07024649e-01],\n",
       "        [ 8.83084834e-02,  9.44655958e-02,  1.47835065e-01, ...,\n",
       "          2.39698353e-01,  4.07024649e-01,  0.00000000e+00]]),\n",
       " array([[ 0.        ,  0.12339786,  0.17316367, ...,  0.00212138,\n",
       "          0.00843987,  0.02689266],\n",
       "        [ 0.12339786,  0.        ,  0.02163617, ..., -0.06856305,\n",
       "          0.03311231,  0.06328977],\n",
       "        [ 0.17316367,  0.02163617,  0.        , ...,  0.07447756,\n",
       "          0.03930887,  0.06386944],\n",
       "        ...,\n",
       "        [ 0.00212138, -0.06856305,  0.07447756, ...,  0.        ,\n",
       "          0.25807727,  0.16608921],\n",
       "        [ 0.00843987,  0.03311231,  0.03930887, ...,  0.25807727,\n",
       "          0.        ,  0.38225433],\n",
       "        [ 0.02689266,  0.06328977,  0.06386944, ...,  0.16608921,\n",
       "          0.38225433,  0.        ]]),\n",
       " array([[0.        , 0.33418548, 0.24138373, ..., 0.02764902, 0.06801798,\n",
       "         0.12248411],\n",
       "        [0.33418548, 0.        , 0.13779915, ..., 0.05757491, 0.08873659,\n",
       "         0.20452604],\n",
       "        [0.24138373, 0.13779915, 0.        , ..., 0.09845662, 0.13323903,\n",
       "         0.17493529],\n",
       "        ...,\n",
       "        [0.02764902, 0.05757491, 0.09845662, ..., 0.        , 0.43158089,\n",
       "         0.34309503],\n",
       "        [0.06801798, 0.08873659, 0.13323903, ..., 0.43158089, 0.        ,\n",
       "         0.66170689],\n",
       "        [0.12248411, 0.20452604, 0.17493529, ..., 0.34309503, 0.66170689,\n",
       "         0.        ]]),\n",
       " array([[ 0.        ,  0.17756074,  0.1414816 , ...,  0.03508159,\n",
       "          0.06553929,  0.07770787],\n",
       "        [ 0.17756074,  0.        ,  0.00127605, ...,  0.03494805,\n",
       "          0.06679358,  0.19588405],\n",
       "        [ 0.1414816 ,  0.00127605,  0.        , ..., -0.01071774,\n",
       "         -0.03733471,  0.02857919],\n",
       "        ...,\n",
       "        [ 0.03508159,  0.03494805, -0.01071774, ...,  0.        ,\n",
       "          0.40357669,  0.16781669],\n",
       "        [ 0.06553929,  0.06679358, -0.03733471, ...,  0.40357669,\n",
       "          0.        ,  0.2960928 ],\n",
       "        [ 0.07770787,  0.19588405,  0.02857919, ...,  0.16781669,\n",
       "          0.2960928 ,  0.        ]]),\n",
       " array([[0.        , 0.5195316 , 0.58948687, ..., 0.1846146 , 0.23731591,\n",
       "         0.32381315],\n",
       "        [0.5195316 , 0.        , 0.52661441, ..., 0.23058213, 0.34580219,\n",
       "         0.4633684 ],\n",
       "        [0.58948687, 0.52661441, 0.        , ..., 0.22132433, 0.3040412 ,\n",
       "         0.41624124],\n",
       "        ...,\n",
       "        [0.1846146 , 0.23058213, 0.22132433, ..., 0.        , 0.34080512,\n",
       "         0.24947665],\n",
       "        [0.23731591, 0.34580219, 0.3040412 , ..., 0.34080512, 0.        ,\n",
       "         0.4142151 ],\n",
       "        [0.32381315, 0.4633684 , 0.41624124, ..., 0.24947665, 0.4142151 ,\n",
       "         0.        ]]),\n",
       " array([[0.        , 0.1336082 , 0.25256669, ..., 0.01899925, 0.14407948,\n",
       "         0.13020887],\n",
       "        [0.1336082 , 0.        , 0.07269077, ..., 0.10738269, 0.26139475,\n",
       "         0.19880548],\n",
       "        [0.25256669, 0.07269077, 0.        , ..., 0.1128522 , 0.08215322,\n",
       "         0.21088821],\n",
       "        ...,\n",
       "        [0.01899925, 0.10738269, 0.1128522 , ..., 0.        , 0.21227701,\n",
       "         0.1383257 ],\n",
       "        [0.14407948, 0.26139475, 0.08215322, ..., 0.21227701, 0.        ,\n",
       "         0.31464481],\n",
       "        [0.13020887, 0.19880548, 0.21088821, ..., 0.1383257 , 0.31464481,\n",
       "         0.        ]]),\n",
       " array([[0.        , 0.69827442, 0.90350674, ..., 0.32071205, 0.2743684 ,\n",
       "         0.38189391],\n",
       "        [0.69827442, 0.        , 0.65719397, ..., 0.28220684, 0.21393797,\n",
       "         0.32941139],\n",
       "        [0.90350674, 0.65719397, 0.        , ..., 0.34937359, 0.33392283,\n",
       "         0.41416067],\n",
       "        ...,\n",
       "        [0.32071205, 0.28220684, 0.34937359, ..., 0.        , 0.36733832,\n",
       "         0.36919069],\n",
       "        [0.2743684 , 0.21393797, 0.33392283, ..., 0.36733832, 0.        ,\n",
       "         0.48821157],\n",
       "        [0.38189391, 0.32941139, 0.41416067, ..., 0.36919069, 0.48821157,\n",
       "         0.        ]]),\n",
       " array([[0.        , 0.1693546 , 0.158887  , ..., 0.04623526, 0.03581802,\n",
       "         0.07228632],\n",
       "        [0.1693546 , 0.        , 0.05481872, ..., 0.10199547, 0.06123352,\n",
       "         0.09944226],\n",
       "        [0.158887  , 0.05481872, 0.        , ..., 0.07014091, 0.04431118,\n",
       "         0.0852855 ],\n",
       "        ...,\n",
       "        [0.04623526, 0.10199547, 0.07014091, ..., 0.        , 0.39832901,\n",
       "         0.0842882 ],\n",
       "        [0.03581802, 0.06123352, 0.04431118, ..., 0.39832901, 0.        ,\n",
       "         0.13688061],\n",
       "        [0.07228632, 0.09944226, 0.0852855 , ..., 0.0842882 , 0.13688061,\n",
       "         0.        ]]),\n",
       " array([[0.        , 0.23750213, 0.42441488, ..., 0.1253988 , 0.1511552 ,\n",
       "         0.22621378],\n",
       "        [0.23750213, 0.        , 0.19966861, ..., 0.07186833, 0.17173505,\n",
       "         0.2010188 ],\n",
       "        [0.42441488, 0.19966861, 0.        , ..., 0.15066418, 0.15308721,\n",
       "         0.25024979],\n",
       "        ...,\n",
       "        [0.1253988 , 0.07186833, 0.15066418, ..., 0.        , 0.46403206,\n",
       "         0.22323329],\n",
       "        [0.1511552 , 0.17173505, 0.15308721, ..., 0.46403206, 0.        ,\n",
       "         0.40800074],\n",
       "        [0.22621378, 0.2010188 , 0.25024979, ..., 0.22323329, 0.40800074,\n",
       "         0.        ]]),\n",
       " array([[ 0.        ,  0.27346641,  0.34284817, ..., -0.00233654,\n",
       "         -0.00102746,  0.16965161],\n",
       "        [ 0.27346641,  0.        ,  0.24941428, ...,  0.06011955,\n",
       "          0.10498784,  0.23542359],\n",
       "        [ 0.34284817,  0.24941428,  0.        , ...,  0.09406745,\n",
       "          0.09724863,  0.31292809],\n",
       "        ...,\n",
       "        [-0.00233654,  0.06011955,  0.09406745, ...,  0.        ,\n",
       "          0.3651108 ,  0.24925186],\n",
       "        [-0.00102746,  0.10498784,  0.09724863, ...,  0.3651108 ,\n",
       "          0.        ,  0.47315971],\n",
       "        [ 0.16965161,  0.23542359,  0.31292809, ...,  0.24925186,\n",
       "          0.47315971,  0.        ]]),\n",
       " array([[ 0.        ,  0.2507479 ,  0.46016355, ..., -0.06643635,\n",
       "         -0.02260106,  0.05575538],\n",
       "        [ 0.2507479 ,  0.        ,  0.22454571, ..., -0.0425421 ,\n",
       "         -0.03220888,  0.08519849],\n",
       "        [ 0.46016355,  0.22454571,  0.        , ..., -0.03189792,\n",
       "         -0.00200198,  0.04285272],\n",
       "        ...,\n",
       "        [-0.06643635, -0.0425421 , -0.03189792, ...,  0.        ,\n",
       "          0.2650965 ,  0.20642819],\n",
       "        [-0.02260106, -0.03220888, -0.00200198, ...,  0.2650965 ,\n",
       "          0.        ,  0.28111409],\n",
       "        [ 0.05575538,  0.08519849,  0.04285272, ...,  0.20642819,\n",
       "          0.28111409,  0.        ]]),\n",
       " array([[0.        , 0.39862186, 0.61768556, ..., 0.23520806, 0.20470503,\n",
       "         0.30641145],\n",
       "        [0.39862186, 0.        , 0.40565776, ..., 0.27053425, 0.27409992,\n",
       "         0.39538289],\n",
       "        [0.61768556, 0.40565776, 0.        , ..., 0.27834862, 0.17310976,\n",
       "         0.29730193],\n",
       "        ...,\n",
       "        [0.23520806, 0.27053425, 0.27834862, ..., 0.        , 0.40926941,\n",
       "         0.48264866],\n",
       "        [0.20470503, 0.27409992, 0.17310976, ..., 0.40926941, 0.        ,\n",
       "         0.64945263],\n",
       "        [0.30641145, 0.39538289, 0.29730193, ..., 0.48264866, 0.64945263,\n",
       "         0.        ]]),\n",
       " array([[0.        , 0.27979829, 0.27204206, ..., 0.06658899, 0.09573842,\n",
       "         0.14207253],\n",
       "        [0.27979829, 0.        , 0.15398622, ..., 0.09687747, 0.09743947,\n",
       "         0.16088938],\n",
       "        [0.27204206, 0.15398622, 0.        , ..., 0.08657462, 0.06977539,\n",
       "         0.19780155],\n",
       "        ...,\n",
       "        [0.06658899, 0.09687747, 0.08657462, ..., 0.        , 0.18020862,\n",
       "         0.15789664],\n",
       "        [0.09573842, 0.09743947, 0.06977539, ..., 0.18020862, 0.        ,\n",
       "         0.21676905],\n",
       "        [0.14207253, 0.16088938, 0.19780155, ..., 0.15789664, 0.21676905,\n",
       "         0.        ]]),\n",
       " array([[0.        , 0.25983209, 0.45131336, ..., 0.0253288 , 0.08285815,\n",
       "         0.20708017],\n",
       "        [0.25983209, 0.        , 0.22405328, ..., 0.03393977, 0.14820214,\n",
       "         0.25652565],\n",
       "        [0.45131336, 0.22405328, 0.        , ..., 0.04263669, 0.14807236,\n",
       "         0.33128436],\n",
       "        ...,\n",
       "        [0.0253288 , 0.03393977, 0.04263669, ..., 0.        , 0.2572947 ,\n",
       "         0.12676958],\n",
       "        [0.08285815, 0.14820214, 0.14807236, ..., 0.2572947 , 0.        ,\n",
       "         0.27731147],\n",
       "        [0.20708017, 0.25652565, 0.33128436, ..., 0.12676958, 0.27731147,\n",
       "         0.        ]]),\n",
       " array([[ 0.        ,  0.26734354,  0.37196006, ...,  0.05273027,\n",
       "          0.03642376,  0.21786227],\n",
       "        [ 0.26734354,  0.        ,  0.02924143, ...,  0.0363179 ,\n",
       "          0.02161953,  0.22494445],\n",
       "        [ 0.37196006,  0.02924143,  0.        , ..., -0.00660558,\n",
       "         -0.05359052,  0.14502397],\n",
       "        ...,\n",
       "        [ 0.05273027,  0.0363179 , -0.00660558, ...,  0.        ,\n",
       "          0.42774932,  0.16973882],\n",
       "        [ 0.03642376,  0.02161953, -0.05359052, ...,  0.42774932,\n",
       "          0.        ,  0.28471289],\n",
       "        [ 0.21786227,  0.22494445,  0.14502397, ...,  0.16973882,\n",
       "          0.28471289,  0.        ]]),\n",
       " array([[0.        , 0.28777972, 0.47844053, ..., 0.07897088, 0.18736682,\n",
       "         0.34089879],\n",
       "        [0.28777972, 0.        , 0.23368631, ..., 0.09265892, 0.21145897,\n",
       "         0.32593231],\n",
       "        [0.47844053, 0.23368631, 0.        , ..., 0.0972569 , 0.14584576,\n",
       "         0.35429383],\n",
       "        ...,\n",
       "        [0.07897088, 0.09265892, 0.0972569 , ..., 0.        , 0.4862274 ,\n",
       "         0.20384625],\n",
       "        [0.18736682, 0.21145897, 0.14584576, ..., 0.4862274 , 0.        ,\n",
       "         0.44053777],\n",
       "        [0.34089879, 0.32593231, 0.35429383, ..., 0.20384625, 0.44053777,\n",
       "         0.        ]]),\n",
       " array([[ 0.        ,  0.27265412,  0.3877008 , ...,  0.03933062,\n",
       "          0.07175282,  0.23713424],\n",
       "        [ 0.27265412,  0.        ,  0.17032327, ..., -0.0794051 ,\n",
       "         -0.00865668,  0.14787711],\n",
       "        [ 0.3877008 ,  0.17032327,  0.        , ...,  0.16804162,\n",
       "          0.20221093,  0.41990567],\n",
       "        ...,\n",
       "        [ 0.03933062, -0.0794051 ,  0.16804162, ...,  0.        ,\n",
       "          0.33853328,  0.2527638 ],\n",
       "        [ 0.07175282, -0.00865668,  0.20221093, ...,  0.33853328,\n",
       "          0.        ,  0.42027418],\n",
       "        [ 0.23713424,  0.14787711,  0.41990567, ...,  0.2527638 ,\n",
       "          0.42027418,  0.        ]]),\n",
       " array([[0.        , 0.26479787, 0.34841421, ..., 0.1022026 , 0.15400023,\n",
       "         0.18784158],\n",
       "        [0.26479787, 0.        , 0.28341829, ..., 0.10684848, 0.18199552,\n",
       "         0.26700415],\n",
       "        [0.34841421, 0.28341829, 0.        , ..., 0.09496572, 0.24593776,\n",
       "         0.32119167],\n",
       "        ...,\n",
       "        [0.1022026 , 0.10684848, 0.09496572, ..., 0.        , 0.1873258 ,\n",
       "         0.1368859 ],\n",
       "        [0.15400023, 0.18199552, 0.24593776, ..., 0.1873258 , 0.        ,\n",
       "         0.40666292],\n",
       "        [0.18784158, 0.26700415, 0.32119167, ..., 0.1368859 , 0.40666292,\n",
       "         0.        ]]),\n",
       " array([[0.        , 0.20329623, 0.29962715, ..., 0.02113019, 0.09417042,\n",
       "         0.19523628],\n",
       "        [0.20329623, 0.        , 0.14741344, ..., 0.01355041, 0.08766283,\n",
       "         0.2137995 ],\n",
       "        [0.29962715, 0.14741344, 0.        , ..., 0.00171664, 0.08734137,\n",
       "         0.21311787],\n",
       "        ...,\n",
       "        [0.02113019, 0.01355041, 0.00171664, ..., 0.        , 0.34378352,\n",
       "         0.18691726],\n",
       "        [0.09417042, 0.08766283, 0.08734137, ..., 0.34378352, 0.        ,\n",
       "         0.40576946],\n",
       "        [0.19523628, 0.2137995 , 0.21311787, ..., 0.18691726, 0.40576946,\n",
       "         0.        ]]),\n",
       " array([[0.        , 0.44763805, 0.62603551, ..., 0.08759881, 0.16400145,\n",
       "         0.33152492],\n",
       "        [0.44763805, 0.        , 0.44928103, ..., 0.08887685, 0.19485518,\n",
       "         0.37440044],\n",
       "        [0.62603551, 0.44928103, 0.        , ..., 0.12113746, 0.17776303,\n",
       "         0.38930699],\n",
       "        ...,\n",
       "        [0.08759881, 0.08887685, 0.12113746, ..., 0.        , 0.21270108,\n",
       "         0.16234822],\n",
       "        [0.16400145, 0.19485518, 0.17776303, ..., 0.21270108, 0.        ,\n",
       "         0.27444653],\n",
       "        [0.33152492, 0.37440044, 0.38930699, ..., 0.16234822, 0.27444653,\n",
       "         0.        ]]),\n",
       " array([[ 0.        ,  0.22413812,  0.1721272 , ...,  0.02810057,\n",
       "          0.12220106,  0.04580213],\n",
       "        [ 0.22413812,  0.        ,  0.03694557, ...,  0.03412249,\n",
       "          0.16319497,  0.0833381 ],\n",
       "        [ 0.1721272 ,  0.03694557,  0.        , ...,  0.05857857,\n",
       "         -0.00180419,  0.07087322],\n",
       "        ...,\n",
       "        [ 0.02810057,  0.03412249,  0.05857857, ...,  0.        ,\n",
       "          0.32299783,  0.25709648],\n",
       "        [ 0.12220106,  0.16319497, -0.00180419, ...,  0.32299783,\n",
       "          0.        ,  0.32160222],\n",
       "        [ 0.04580213,  0.0833381 ,  0.07087322, ...,  0.25709648,\n",
       "          0.32160222,  0.        ]]),\n",
       " array([[0.        , 0.23975239, 0.27313569, ..., 0.05434868, 0.02834474,\n",
       "         0.03804446],\n",
       "        [0.23975239, 0.        , 0.14418736, ..., 0.08346648, 0.09799923,\n",
       "         0.04617672],\n",
       "        [0.27313569, 0.14418736, 0.        , ..., 0.05738675, 0.01724939,\n",
       "         0.05690366],\n",
       "        ...,\n",
       "        [0.05434868, 0.08346648, 0.05738675, ..., 0.        , 0.29148622,\n",
       "         0.21231723],\n",
